0
0.5234
0.5107
0.6532
0.5059
0.8889
0.5404
0.7538
0.5
0.5235
0.5264
0.5682
0.6207
0.5774
0.5163
0.5832
0.5689
0.6098
0.7273
0.5116
0.7179
0.5785
0.5301
0.6132
0.5204
0.9474
0.7222
0.5104
0.5397
0.5743
0.6349
0.5677
0.5109
0.5951
0.5431
0.614
0.5148
0.5926
0.5601
0.5111
0.5047
0.536
0.6491
0.5732
0.7
0.7143
0.6
0.5593
0.5094
0.5
0.5366
0.5
0.64
0.6667
0.5138
0.5968
0.7368
0.5152
0.5092
0.5198
0.5722
0.5164
0.8506
0.5112
0.5895
0.5724
0.6471
0.6262
0.56
0.5414
0.7364
0.5112
0.5118
0.5226
0.518
0.5303
0.526
0.5124
0.8085
0.5123
0.507
0.5547
0.506
0.62
0.65
0.5108
0.6412
0.5167
0.6261
0.514
0.5125
0.508
0.5127
0.5667
0.5207
0.5155
0.5067
0.7302
0.5683
0.5127
0.5172
1.0
0.5421
0
0.76
0.7333
0.5186
1.0
0
0.5833
0.5318
0.6712
0.5994
0.5732
0.5069
0.597
0.5853
0.5146
0.8056
0.5663
0.7021
0.5839
0.542
0.5916
0.5937
0.596
0.5949
0.5588
0.5533
0.5156
0.6188
0.5069
0.5258
0.5303
0.5693
0.5784
0.5772
0.6175
0.5758
0.5505
0.7716
0.5752
0.5122
0.5594
0.65
0.5944
0.5782
0.652
0.5596
0.5365
0.5556
0.6667
0.5247
0.8125
0.5892
0.5851
0.5426
0.5
0.548
0.5675
0.5758
0.5585
0.5636
0.6688
0.58
0.5574
0.6041
0.5181
0.5
0.8333
0.6032
0.5368
0.5254
1.0
0.6142
0.6751
0.6033
0.5485
0.5169
0.6364
0.6667
0.5156
0.5106
0.5133
0.5957
0.5513
0.5867
0.5925
0.5447
0.5463
0.5102
0.7632
0.6452
0.5637
0.5515
0.5575
0.8462
0.5804
0.584
0.555
0.5414
0.5005
0.5092
0.5064
0.5587
0
0.511
0.8878
0.5729
0.5789
0.5894
0.5638
0.5045
0.5693
0.5879
0.5972
0.5539
0.512
1.0
0.5119
0.5068
0.5517
0.508
0.5459
0.5121
0.5074
0.5561
0.5714
0.5067
0.5546
0.5
0.5934
0.6818
0.5233
0.5039
0.514
0.514
0.6349
0.583
0.5178
0.584
0.5765
0.5662
0.5066
0.6047
0.508
0.5176
0.5205
0.5114
0.6063
0.5305
0.5105
0.514
0.5454
0.5497
0.5112
0.5799
0.6667
0.5125
0.6067
0.6557
0.5926
0.5098
0.6144
0.5133
0.5313
0.5891
0.5986
0.5127
0.5111
0.5311
0.5633
1.0
0.5139
0.5236
0.5102
0.532
0.513
1.0
0.7273
0.7778
0.5255
0.5915
0.5128
0.5959
0.6136
0.5215
0.535
0.5008
0.65
0.5076
0.5951
0.5167
0.5034
0.5575
0.6842
0.56
0.5884
0.5148
0.5249
0.6034
0.5467
0.5813
0.5455
0.5969
0.5
0.5111
0.5859
0.5209
0.5939
0.6517
1.0
0.5215
0.7121
0.5895
0.579
0.5161
0.5757
0.6438
1.0
0.583
0.5531
0.5104
0.9318
0.8333
0.5304
0.51
0.5801
0.5515
0.5
0.5429
0.5096
0.58
0.5175
0.5618
0.6268
0.5138
0.5572
0.508
0.5
0.5043
0.5142
0.57
0.5128
0.6033
0.5331
0.5
0.5258
0.513
0.5
0.6341
0.5059
0.5224
0.5
0.5232
0.5099
0.7436
0.5185
0.7059
0.5117
0.5071
0.5135
0.5717
0.5957
0.5485
0.5787
0.5151
0.6038
0.5255
0.5696
0.5642
0.5106
0.5081
0.5165
0.5198
0.6408
0.5169
0.5105
0.5065
0.5
0.5155
0.5753
0.6021
0.5893
0.6429
0.5456
0.5475
0.5776
0.5112
0.5124
0.5691
0.502
0.5193
0.5131
0.5932
0.5163
0.6102
0.8182
0.5391
0.65
0.8696
0.5656
0.5705
0.5057
0.5958
0.5244
0.5469
0.5082
0.5071
0
0.5471
0.5925
0.5833
0.53
0.6667
0.9
0.5833
0.5007
0.5642
0.5157
0.7857
0.8
0.7932
0.95
0.5232
0.5736
0.6061
0.5658
0.5155
0.5625
0.5058
0.6179
0.5137
0.9057
0.5335
0.5109
0.5479
0.5558
0.5218
0.5188
0.5091
0.5609
0
0.6957
0.5259
0.5094
0.5045
0.5338
0.6053
0.5124
0.5111
0.5126
0.542
0.6466
0.5709
0.5193
0.6533
0.541
0.5563
0.5117
0.5301
0.5
0.6749
0.5063
0.5777
0.512
0.5462
0.5143
0.516
0.5515
0.5137
0.5112
0.5452
0.5125
0.512
0.5862
0.5649
0.5126
0.5091
0.5526
0.6133
0.5146
0.6
0.5709
0.6106
0.5063
0.5077
0.6296
0.5853
0.5
0.5094
0.514
0.5947
0.5633
0.6073
0.6053
0.5037
0.502
0.5126
0.5135
0.5102
0.5452
0.5155
0.8636
0.517
0.9333
0.5173
0.5638
0.5143
0.5154
0.5607
0.5238
0.5753
0.5
0.8333
0.5689
0.6396
0.5045
0.5561
0.5189
0.7333
0.5167
0.5587
0.5608
0.517
0.9286
0.5128
0.5195
0.6616
0.5401
0.6228
0.5113
0.5612
0.5
0.5371
0.62
0.5205
0.568
0.5097
0.5125
0.5064
0.5629
0.5166
0.8
0.5409
0.5068
0.5073
0.5148
0.5123
0.5115
0.5321
0.5108
0.7123
0.544
0.6042
0.5688
0.7614
0.5154
0.5174
0.5239
0.5193
0.5966
0.5467
0.6353
0.512
0.6372
0.5463
0.5335
0.552
0.8824
0.5093
0.7059
0.509
0.5144
0.599
0.5101
0.5939
0.5987
0.5658
0.6559
0.513
0.5239
0.516
1.0
0.5835
0.5177
0.5212
0.6008
0.5023
0.52
0.5
0.5114
0.5062
0.5124
0.5973
0.6046
0.5113
0.5145
0.5932
0.5107
0.5129
0.6
0.5095
0.5133
0.5576
0.514
0.5145
0.5391
0.5127
0.7857
0.5076
0.5072
0.5194
1.0
0.5132
0.6073
0.5306
0.5116
0.5374
0.5199
0.5137
